127 0.4121 0.4238 0.5977 0.2846 0.8358 0.2069
175 1.0156 0.8498 1.4731 0.7064 2.0473 0.5177
225 1.7578 1.4217 2.5356 1.2226 3.5343 0.8961
250 2.3047 1.8272 3.3244 1.6030 4.6339 1.1749
275 2.8984 2.2556 4.2040 2.0229 5.8426 1.4888
300 3.5781 2.6206 5.1613 2.4887 7.1943 1.8240
325 4.4844 3.3959 6.5042 3.1298 9.0395 2.3035
350 5.4844 4.2371 7.9547 3.8486 11.1234 2.8172
400 8.3438 5.8934 12.1020 5.8437 16.9228 4.3185
425 10.8438 7.5819 15.7280 7.6225 21.9933 5.5913
450 12.9062 9.2864 18.7195 9.0479 26.1764 6.6548
475 15.5625 10.8634 22.5722 10.8618 31.5638 7.9940
500 18.6875 14.1135 27.2538 13.0428 37.9968 9.5992
