127 0.4121 0.4222 0.6010 0.2856 0.8379 0.2085
150 0.7402 0.7030 1.0737 0.5131 1.5013 0.3745
175 1.0195 0.8521 1.4706 0.7079 2.0499 0.5177
200 1.3789 1.1077 2.0000 0.9643 2.7796 0.7029
225 1.7578 1.4330 2.5356 1.2226 3.5343 0.8961
250 2.3047 1.8477 3.3244 1.6030 4.6339 1.1749
275 2.8984 2.2496 4.2040 2.0285 5.8426 1.4888
300 3.5469 2.6413 5.1445 2.4890 7.1938 1.8219
325 4.4844 3.3678 6.4685 3.1298 9.0164 2.3035
350 5.5156 4.2288 8.0000 3.8496 11.1868 2.8332
375 6.8438 5.0807 9.9263 4.7766 13.8805 3.5154
400 8.3438 5.9065 12.1020 5.8752 16.9228 4.3185
425 10.8750 7.5598 15.7733 7.6315 22.0566 5.5862
450 12.9062 9.3425 18.7195 9.0392 26.1764 6.6800
475 15.5625 10.7605 22.5722 10.8618 31.5638 7.9940
500 18.6875 14.0891 27.2538 13.0428 37.9968 9.5992
