127 0.1558 0.2006 0.2272 0.1072 0.3206 0.0776
150 0.2998 0.3626 0.4372 0.2071 0.6096 0.1505
175 0.4121 0.4214 0.6010 0.2851 0.8379 0.2077
200 0.5527 0.5154 0.8061 0.3842 1.1307 0.2796
225 0.6973 0.6479 1.0224 0.4833 1.4384 0.3527
250 0.8867 0.7853 1.3003 0.6146 1.8402 0.4486
275 1.1367 0.9718 1.6668 0.7857 2.3450 0.5750
300 1.4023 1.1852 2.0564 0.9686 2.9102 0.7039
325 1.7734 1.4628 2.6005 1.2292 3.6803 0.8971
350 2.1641 1.7991 3.1733 1.4999 4.4910 1.0947
375 2.6484 2.2301 3.9047 1.8356 5.5415 1.3397
400 3.2031 2.6807 4.7225 2.2201 6.7021 1.6203
425 4.0469 3.3523 5.9665 2.8049 8.4676 2.0471
450 4.8594 3.9156 7.1644 3.3680 10.1677 2.4582
475 5.7656 4.7347 8.5005 3.9709 12.0639 2.8941
500 6.9688 5.7643 10.2743 4.8131 14.6665 3.4980
525 8.0312 6.3852 11.9048 5.5469 17.0388 4.0313
